0	1
1	0.920203
2	0.841205
3	0.76378
4	0.688657
5	0.616495
6	0.547871
7	0.483264
8	0.423045
9	0.367476
10	0.316709
11	0.270791
12	0.22967
13	0.193212
14	0.161207
15	0.13339
16	0.109451
17	0.0890528
18	0.0718427
19	0.0574649
20	0.045571
21	0.0358279
22	0.0279246
23	0.021576
24	0.0165258
25	0.0125473
26	0.00944335
27	0.00704504
28	0.00520973
29	0.00381872
30	0.00277451
31	0.0019981
32	0.0014263
33	0.00100917
34	0.000707752
35	0.000491991
36	0.000338997
37	0.000231525
38	0.000156735
39	0.000105172
40	6.99537e-05
41	4.61205e-05
42	3.01409e-05
43	1.95255e-05
44	1.25382e-05
45	7.981e-06
46	5.0359e-06
47	3.14991e-06
48	1.9531e-06
49	1.20049e-06
50	7.31494e-07
51	4.41857e-07
52	2.64593e-07
53	1.57074e-07
54	9.24409e-08
55	5.39341e-08
56	3.11965e-08
57	1.78894e-08
58	1.01704e-08
59	5.7324e-09
60	3.20327e-09
61	1.77466e-09
62	9.74774e-10
63	5.30838e-10
64	2.86611e-10
65	1.53426e-10
66	8.14299e-11
67	4.28497e-11
68	2.2356e-11
69	1.15644e-11
70	5.9311e-12
71	3.01601e-12
72	1.5206e-12
73	7.60123e-13
74	3.76735e-13
75	1.85128e-13
76	9.01971e-14
77	4.35705e-14
78	2.08676e-14
79	9.90898e-15
80	4.66508e-15
81	2.17751e-15
82	1.00769e-15
83	4.62334e-16
84	2.10301e-16
85	9.48376e-17
86	4.23999e-17
87	1.87927e-17
88	8.25748e-18
89	3.59692e-18
90	1.55321e-18
91	6.64876e-19
92	2.82131e-19
93	1.18675e-19
94	4.94876e-20
95	2.04697e-20
96	8.43021e-21
97	3.5381e-21
98	1.71654e-21
99	1.71654e-21
